Time	pSEVA634-GFP	pSEVA634r-GFP	pSEVA634rk-GFP	pSEVA634-GFP	pSEVA634r-GFP	pSEVA634rk-GFP	pSEVA634-GFP	pSEVA634r-GFP	pSEVA634rk-GFP	pSEVA634-GFP	pSEVA634r-GFP	pSEVA634rk-GFP	pSEVA634-GFP	pSEVA634r-GFP	pSEVA634rk-GFP	pSEVA634-GFP	pSEVA634r-GFP	pSEVA634rk-GFP	pSEVA634-GFP	pSEVA634r-GFP	pSEVA634rk-GFP	Blank	Blank	Blank
																								
	0	0	0	0.01	0.01	0.01	0.05	0.05	0.05	0.1	0.1	0.1	0.2	0.2	0.2	0.5	0.5	0.5	1	1	1			
0	0.139	0.118	0.133	0.134	0.118	0.135	0.138	0.112	0.134	0.133	0.116	0.138	0.143	0.114	0.138	0.133	0.117	0.135	0.138	0.117	0.133	0.103	0.099	0.096
0.5	0.141	0.119	0.136	0.133	0.118	0.137	0.136	0.112	0.136	0.134	0.114	0.141	0.143	0.113	0.14	0.134	0.116	0.138	0.139	0.117	0.135	0.102	0.099	0.096
1	0.142	0.118	0.14	0.136	0.116	0.139	0.138	0.111	0.137	0.135	0.115	0.142	0.144	0.113	0.142	0.135	0.116	0.14	0.14	0.116	0.138	0.103	0.097	0.095
1.5	0.143	0.116	0.143	0.138	0.116	0.143	0.14	0.111	0.141	0.136	0.114	0.146	0.146	0.113	0.146	0.136	0.116	0.144	0.142	0.116	0.141	0.102	0.097	0.095
2	0.144	0.117	0.147	0.139	0.117	0.148	0.142	0.111	0.145	0.14	0.114	0.152	0.153	0.113	0.15	0.138	0.116	0.148	0.144	0.117	0.152	0.102	0.096	0.094
2.5	0.145	0.118	0.152	0.14	0.117	0.152	0.143	0.111	0.153	0.143	0.115	0.155	0.154	0.115	0.157	0.141	0.117	0.154	0.145	0.117	0.155	0.101	0.096	0.095
3	0.145	0.117	0.159	0.14	0.117	0.159	0.143	0.112	0.155	0.144	0.115	0.161	0.152	0.114	0.161	0.144	0.116	0.16	0.145	0.117	0.164	0.1	0.096	0.094
3.5	0.144	0.117	0.166	0.141	0.117	0.168	0.142	0.114	0.163	0.143	0.115	0.169	0.153	0.115	0.169	0.142	0.117	0.167	0.147	0.118	0.165	0.1	0.096	0.094
4	0.145	0.118	0.176	0.142	0.118	0.177	0.142	0.113	0.171	0.145	0.117	0.177	0.156	0.117	0.178	0.144	0.118	0.177	0.149	0.119	0.174	0.1	0.096	0.094
4.5	0.147	0.121	0.185	0.144	0.12	0.186	0.145	0.116	0.179	0.148	0.119	0.184	0.159	0.119	0.184	0.147	0.12	0.183	0.152	0.121	0.181	0.1	0.095	0.095
5	0.15	0.122	0.196	0.146	0.122	0.197	0.148	0.117	0.187	0.149	0.121	0.196	0.162	0.12	0.196	0.15	0.122	0.196	0.155	0.123	0.192	0.1	0.095	0.094
5.5	0.153	0.124	0.214	0.15	0.123	0.215	0.152	0.118	0.204	0.154	0.122	0.21	0.168	0.122	0.21	0.155	0.123	0.21	0.159	0.124	0.206	0.1	0.095	0.095
6	0.156	0.125	0.237	0.155	0.125	0.24	0.156	0.12	0.223	0.16	0.124	0.23	0.174	0.124	0.23	0.16	0.125	0.23	0.165	0.126	0.227	0.1	0.095	0.095
6.5	0.164	0.128	0.251	0.161	0.127	0.256	0.162	0.121	0.24	0.166	0.125	0.25	0.177	0.125	0.249	0.168	0.126	0.252	0.172	0.127	0.247	0.1	0.095	0.095
7	0.167	0.131	0.263	0.166	0.129	0.269	0.169	0.122	0.253	0.172	0.127	0.266	0.187	0.125	0.265	0.173	0.127	0.264	0.178	0.129	0.26	0.1	0.095	0.093
7.5	0.177	0.133	0.273	0.173	0.131	0.279	0.176	0.124	0.266	0.18	0.128	0.277	0.197	0.127	0.277	0.182	0.129	0.279	0.187	0.13	0.274	0.1	0.095	0.094
8	0.184	0.134	0.28	0.183	0.133	0.286	0.187	0.125	0.275	0.19	0.13	0.285	0.209	0.129	0.286	0.192	0.131	0.288	0.197	0.133	0.285	0.1	0.095	0.094
8.5	0.193	0.137	0.292	0.191	0.136	0.299	0.193	0.127	0.282	0.2	0.132	0.293	0.223	0.131	0.293	0.201	0.133	0.292	0.206	0.134	0.291	0.1	0.095	0.094
9	0.206	0.139	0.305	0.206	0.139	0.315	0.212	0.129	0.295	0.217	0.135	0.305	0.241	0.133	0.306	0.219	0.135	0.306	0.224	0.136	0.304	0.099	0.095	0.094
9.5	0.225	0.142	0.317	0.222	0.141	0.323	0.228	0.131	0.307	0.236	0.137	0.318	0.257	0.135	0.318	0.236	0.137	0.32	0.241	0.138	0.316	0.1	0.095	0.094
10	0.236	0.145	0.33	0.236	0.144	0.335	0.241	0.133	0.318	0.247	0.14	0.329	0.27	0.137	0.328	0.249	0.139	0.328	0.254	0.141	0.325	0.1	0.095	0.094
10.5	0.246	0.148	0.342	0.248	0.147	0.348	0.253	0.137	0.332	0.26	0.142	0.337	0.284	0.141	0.337	0.262	0.142	0.336	0.267	0.143	0.333	0.1	0.095	0.093
11	0.264	0.151	0.35	0.258	0.152	0.356	0.262	0.141	0.341	0.271	0.146	0.35	0.29	0.144	0.349	0.274	0.145	0.347	0.278	0.149	0.343	0.099	0.095	0.093
11.5	0.265	0.156	0.357	0.264	0.155	0.362	0.268	0.143	0.347	0.275	0.15	0.359	0.301	0.148	0.36	0.278	0.15	0.359	0.282	0.151	0.357	0.099	0.094	0.093
12	0.273	0.159	0.363	0.273	0.159	0.368	0.277	0.147	0.358	0.284	0.155	0.363	0.312	0.153	0.364	0.286	0.155	0.363	0.291	0.156	0.361	0.099	0.094	0.093
12.5	0.28	0.165	0.37	0.28	0.165	0.375	0.285	0.151	0.362	0.291	0.159	0.37	0.32	0.157	0.37	0.294	0.159	0.369	0.297	0.159	0.365	0.1	0.094	0.093
13	0.285	0.17	0.376	0.286	0.172	0.382	0.29	0.157	0.372	0.298	0.166	0.378	0.328	0.164	0.38	0.3	0.165	0.373	0.304	0.166	0.37	0.099	0.094	0.093
13.5	0.289	0.177	0.383	0.29	0.179	0.388	0.295	0.163	0.382	0.303	0.173	0.386	0.334	0.172	0.388	0.307	0.172	0.381	0.31	0.174	0.377	0.099	0.094	0.093
14	0.293	0.184	0.397	0.296	0.185	0.394	0.301	0.168	0.392	0.308	0.182	0.392	0.336	0.18	0.395	0.312	0.181	0.388	0.314	0.182	0.384	0.099	0.094	0.093
14.5	0.295	0.193	0.401	0.302	0.196	0.4	0.306	0.179	0.404	0.313	0.191	0.399	0.34	0.188	0.402	0.317	0.189	0.396	0.319	0.19	0.391	0.099	0.094	0.093
15	0.302	0.204	0.412	0.315	0.207	0.405	0.317	0.19	0.412	0.32	0.204	0.405	0.346	0.201	0.408	0.324	0.202	0.402	0.326	0.203	0.396	0.099	0.094	0.092
15.5	0.313	0.215	0.418	0.325	0.22	0.409	0.329	0.2	0.42	0.337	0.217	0.411	0.355	0.215	0.414	0.339	0.216	0.407	0.343	0.217	0.401	0.1	0.094	0.092
16	0.325	0.226	0.423	0.323	0.231	0.413	0.327	0.21	0.424	0.344	0.23	0.417	0.362	0.228	0.419	0.348	0.229	0.41	0.35	0.231	0.41	0.099	0.094	0.092
16.5	0.331	0.237	0.429	0.334	0.247	0.424	0.343	0.223	0.436	0.351	0.246	0.429	0.377	0.244	0.431	0.355	0.245	0.423	0.359	0.246	0.414	0.099	0.094	0.092
17	0.339	0.247	0.432	0.334	0.26	0.427	0.341	0.228	0.436	0.353	0.255	0.429	0.387	0.254	0.438	0.355	0.255	0.426	0.36	0.257	0.421	0.099	0.094	0.092
17.5	0.337	0.252	0.432	0.335	0.262	0.43	0.342	0.235	0.439	0.353	0.261	0.437	0.39	0.261	0.442	0.356	0.264	0.43	0.359	0.27	0.423	0.099	0.094	0.092
18	0.334	0.257	0.432	0.331	0.262	0.429	0.338	0.236	0.434	0.348	0.263	0.433	0.389	0.263	0.431	0.355	0.269	0.428	0.357	0.267	0.415	0.099	0.094	0.092
18.5	0.332	0.26	0.434	0.333	0.266	0.426	0.341	0.243	0.437	0.35	0.269	0.437	0.398	0.27	0.434	0.358	0.273	0.426	0.36	0.274	0.421	0.098	0.094	0.092
19	0.336	0.262	0.435	0.334	0.269	0.428	0.341	0.246	0.439	0.35	0.272	0.431	0.406	0.272	0.436	0.358	0.276	0.426	0.36	0.278	0.421	0.098	0.094	0.092
19.5	0.338	0.267	0.438	0.334	0.273	0.43	0.342	0.248	0.441	0.352	0.276	0.434	0.412	0.276	0.438	0.358	0.281	0.429	0.361	0.281	0.422	0.098	0.094	0.092
20	0.34	0.271	0.44	0.336	0.278	0.431	0.343	0.252	0.444	0.351	0.281	0.436	0.419	0.282	0.44	0.359	0.285	0.43	0.362	0.287	0.424	0.098	0.094	0.092
20.5	0.337	0.277	0.442	0.338	0.283	0.433	0.345	0.254	0.445	0.352	0.285	0.437	0.426	0.286	0.442	0.36	0.29	0.433	0.36	0.291	0.425	0.098	0.094	0.092
21	0.337	0.279	0.442	0.339	0.287	0.434	0.346	0.257	0.447	0.353	0.289	0.439	0.431	0.292	0.443	0.358	0.295	0.433	0.361	0.295	0.426	0.098	0.094	0.092
21.5	0.338	0.282	0.444	0.341	0.29	0.435	0.347	0.261	0.448	0.354	0.293	0.44	0.436	0.295	0.444	0.361	0.3	0.435	0.366	0.3	0.427	0.098	0.093	0.092
22	0.339	0.288	0.444	0.342	0.295	0.436	0.35	0.264	0.449	0.356	0.298	0.441	0.442	0.3	0.445	0.361	0.303	0.435	0.359	0.306	0.428	0.098	0.093	0.092
22.5	0.34	0.291	0.446	0.344	0.301	0.436	0.348	0.27	0.45	0.356	0.305	0.443	0.448	0.306	0.447	0.359	0.309	0.437	0.361	0.313	0.433	0.098	0.093	0.092
23	0.341	0.296	0.446	0.344	0.3	0.438	0.349	0.27	0.452	0.361	0.306	0.443	0.452	0.308	0.448	0.36	0.31	0.437	0.361	0.314	0.435	0.098	0.093	0.092
23.5	0.342	0.295	0.447	0.346	0.306	0.438	0.351	0.274	0.452	0.361	0.309	0.445	0.456	0.311	0.448	0.361	0.314	0.438	0.363	0.317	0.43	0.098	0.093	0.091
24	0.344	0.305	0.447	0.347	0.308	0.439	0.354	0.277	0.452	0.362	0.313	0.445	0.461	0.314	0.449	0.362	0.317	0.438	0.364	0.32	0.431	0.098	0.093	0.092
24.5	0.346	0.304	0.449	0.352	0.312	0.442	0.356	0.28	0.453	0.364	0.317	0.446	0.467	0.319	0.447	0.365	0.321	0.436	0.365	0.323	0.427	0.097	0.093	0.091
25	0.348	0.306	0.449	0.353	0.315	0.441	0.357	0.282	0.455	0.365	0.318	0.441	0.471	0.321	0.443	0.366	0.323	0.432	0.367	0.325	0.424	0.098	0.093	0.091
25.5	0.348	0.309	0.448	0.352	0.315	0.434	0.359	0.284	0.455	0.366	0.32	0.438	0.469	0.322	0.44	0.365	0.328	0.429	0.367	0.328	0.421	0.097	0.093	0.091
26	0.348	0.309	0.45	0.353	0.317	0.431	0.357	0.286	0.448	0.367	0.323	0.435	0.468	0.325	0.437	0.367	0.327	0.427	0.368	0.329	0.418	0.097	0.093	0.091
26.5	0.348	0.313	0.442	0.353	0.319	0.427	0.357	0.288	0.444	0.367	0.325	0.433	0.468	0.326	0.435	0.368	0.329	0.424	0.368	0.332	0.416	0.098	0.093	0.091
27	0.348	0.312	0.438	0.357	0.321	0.425	0.359	0.29	0.441	0.37	0.327	0.431	0.471	0.328	0.433	0.368	0.333	0.423	0.37	0.334	0.415	0.097	0.093	0.091
27.5	0.349	0.315	0.434	0.356	0.326	0.423	0.36	0.291	0.441	0.369	0.329	0.429	0.471	0.331	0.432	0.369	0.334	0.423	0.37	0.336	0.414	0.097	0.093	0.091
28	0.35	0.316	0.433	0.359	0.325	0.421	0.362	0.294	0.438	0.37	0.331	0.429	0.471	0.334	0.431	0.37	0.338	0.422	0.371	0.337	0.412	0.098	0.093	0.091
28.5	0.35	0.318	0.43	0.36	0.325	0.421	0.363	0.294	0.438	0.372	0.332	0.428	0.475	0.335	0.431	0.371	0.339	0.421	0.372	0.34	0.413	0.097	0.093	0.091
29	0.351	0.316	0.428	0.36	0.327	0.42	0.364	0.295	0.437	0.371	0.336	0.427	0.472	0.336	0.431	0.372	0.34	0.42	0.373	0.341	0.413	0.097	0.093	0.091
29.5	0.35	0.319	0.427	0.363	0.33	0.42	0.365	0.296	0.436	0.373	0.336	0.427	0.471	0.338	0.43	0.373	0.34	0.421	0.374	0.341	0.412	0.097	0.093	0.091
30	0.35	0.32	0.426	0.357	0.331	0.419	0.366	0.298	0.435	0.375	0.338	0.428	0.471	0.339	0.43	0.374	0.34	0.42	0.375	0.342	0.411	0.097	0.092	0.091
30.5	0.351	0.321	0.426	0.359	0.333	0.42	0.367	0.299	0.436	0.376	0.337	0.428	0.472	0.339	0.429	0.375	0.342	0.419	0.375	0.342	0.411	0.097	0.092	0.091
31	0.351	0.322	0.425	0.361	0.34	0.42	0.368	0.3	0.436	0.378	0.338	0.427	0.471	0.339	0.429	0.375	0.342	0.42	0.377	0.342	0.412	0.097	0.092	0.091
31.5	0.351	0.324	0.424	0.36	0.335	0.419	0.368	0.301	0.436	0.376	0.339	0.427	0.471	0.339	0.43	0.374	0.342	0.419	0.377	0.343	0.411	0.097	0.092	0.091
32	0.351	0.326	0.423	0.364	0.335	0.421	0.366	0.302	0.436	0.375	0.339	0.427	0.47	0.34	0.43	0.373	0.343	0.419	0.376	0.348	0.412	0.097	0.092	0.091
32.5	0.35	0.327	0.423	0.36	0.335	0.421	0.364	0.303	0.437	0.374	0.34	0.428	0.47	0.34	0.429	0.372	0.344	0.42	0.374	0.347	0.412	0.097	0.092	0.091
33	0.35	0.328	0.423	0.356	0.34	0.42	0.363	0.304	0.438	0.373	0.343	0.427	0.47	0.341	0.429	0.371	0.352	0.419	0.376	0.346	0.412	0.097	0.092	0.09
33.5	0.349	0.329	0.423	0.355	0.337	0.421	0.362	0.304	0.437	0.372	0.34	0.427	0.469	0.342	0.43	0.37	0.347	0.419	0.373	0.348	0.412	0.097	0.092	0.09
34	0.342	0.328	0.423	0.354	0.347	0.421	0.362	0.306	0.439	0.372	0.342	0.428	0.468	0.343	0.431	0.37	0.348	0.42	0.372	0.348	0.411	0.097	0.092	0.09
34.5	0.341	0.329	0.423	0.352	0.336	0.422	0.362	0.306	0.44	0.372	0.344	0.428	0.469	0.343	0.432	0.37	0.348	0.42	0.372	0.348	0.413	0.097	0.092	0.091
35	0.339	0.328	0.424	0.351	0.336	0.428	0.361	0.306	0.441	0.372	0.343	0.429	0.468	0.344	0.432	0.369	0.347	0.419	0.372	0.347	0.413	0.097	0.092	0.09
35.5	0.337	0.328	0.425	0.351	0.336	0.423	0.36	0.306	0.441	0.372	0.343	0.429	0.468	0.344	0.432	0.369	0.347	0.421	0.372	0.347	0.413	0.097	0.092	0.09
36	0.336	0.328	0.427	0.35	0.336	0.423	0.36	0.306	0.442	0.372	0.342	0.43	0.468	0.343	0.433	0.37	0.347	0.421	0.372	0.348	0.415	0.097	0.092	0.09
36.5	0.334	0.326	0.426	0.35	0.336	0.424	0.361	0.307	0.443	0.373	0.342	0.43	0.468	0.343	0.434	0.369	0.347	0.421	0.371	0.348	0.415	0.097	0.092	0.09
37	0.333	0.326	0.427	0.349	0.337	0.425	0.361	0.306	0.443	0.373	0.342	0.432	0.468	0.343	0.435	0.369	0.348	0.422	0.372	0.348	0.416	0.097	0.092	0.09
37.5	0.331	0.326	0.427	0.349	0.337	0.427	0.36	0.308	0.443	0.374	0.342	0.432	0.467	0.343	0.434	0.369	0.347	0.422	0.372	0.349	0.416	0.097	0.092	0.09
38	0.33	0.325	0.427	0.349	0.337	0.426	0.359	0.308	0.443	0.373	0.342	0.432	0.467	0.343	0.434	0.368	0.347	0.424	0.372	0.354	0.416	0.097	0.092	0.09
38.5	0.329	0.326	0.428	0.351	0.337	0.426	0.359	0.308	0.444	0.374	0.342	0.432	0.466	0.343	0.434	0.369	0.353	0.423	0.371	0.35	0.416	0.097	0.092	0.09
39	0.328	0.326	0.428	0.35	0.338	0.427	0.359	0.307	0.443	0.374	0.342	0.433	0.465	0.343	0.434	0.369	0.355	0.422	0.371	0.346	0.416	0.096	0.092	0.09
39.5	0.327	0.326	0.428	0.35	0.337	0.427	0.359	0.307	0.442	0.375	0.343	0.432	0.466	0.344	0.434	0.369	0.355	0.424	0.371	0.346	0.416	0.096	0.092	0.09
40	0.326	0.326	0.429	0.35	0.337	0.427	0.359	0.307	0.443	0.375	0.342	0.432	0.465	0.342	0.435	0.369	0.352	0.422	0.37	0.344	0.415	0.096	0.092	0.09
40.5	0.325	0.324	0.428	0.35	0.336	0.426	0.359	0.306	0.442	0.375	0.34	0.431	0.464	0.341	0.433	0.369	0.351	0.422	0.372	0.35	0.415	0.096	0.092	0.09
41	0.324	0.329	0.427	0.35	0.342	0.427	0.359	0.306	0.442	0.375	0.339	0.431	0.464	0.339	0.433	0.37	0.353	0.422	0.371	0.353	0.414	0.096	0.092	0.09
41.5	0.323	0.332	0.429	0.349	0.34	0.426	0.359	0.305	0.442	0.376	0.338	0.431	0.463	0.348	0.432	0.37	0.353	0.422	0.371	0.349	0.415	0.096	0.092	0.09
42	0.322	0.325	0.428	0.348	0.336	0.425	0.359	0.305	0.441	0.375	0.336	0.43	0.463	0.348	0.432	0.37	0.35	0.42	0.372	0.341	0.414	0.096	0.091	0.09