Time	pSEVA634-GFP	pSEVA634r-GFP	pSEVA634rk-GFP	pSEVA634-GFP	pSEVA634r-GFP	pSEVA634rk-GFP	pSEVA634-GFP	pSEVA634r-GFP	pSEVA634rk-GFP	pSEVA634-GFP	pSEVA634r-GFP	pSEVA634rk-GFP	pSEVA634-GFP	pSEVA634r-GFP	pSEVA634rk-GFP	pSEVA634-GFP	pSEVA634r-GFP	pSEVA634rk-GFP	pSEVA634-GFP	pSEVA634r-GFP	pSEVA634rk-GFP	Blank	Blank	Blank
																								
	0	0	0	0.01	0.01	0.01	0.05	0.05	0.05	0.1	0.1	0.1	0.2	0.2	0.2	0.5	0.5	0.5	1	1	1			
0	60	33	78	74	28	82	73	33	79	71	31	85	84	31	78	71	32	77	80	38	68	15	17	15
0.5	68	41	77	59	42	80	74	36	67	78	32	73	82	27	77	80	37	83	81	36	79	14	23	12
1	77	36	74	66	39	80	70	30	75	96	35	79	91	35	94	83	24	85	92	37	93	15	13	12
1.5	74	39	80	75	43	78	79	26	89	98	30	94	111	33	105	96	24	96	107	46	95	22	14	9
2	68	40	80	80	37	86	73	39	96	103	52	120	112	47	118	109	31	120	114	40	131	14	13	8
2.5	81	34	84	82	31	98	93	29	113	112	32	140	121	45	139	122	47	134	129	47	157	10	9	15
3	66	32	81	78	41	100	96	37	111	125	36	155	152	47	165	146	37	160	143	43	188	11	11	16
3.5	71	40	88	82	36	113	105	33	140	149	47	181	166	40	190	164	40	188	163	53	183	25	11	14
4	87	29	95	91	39	118	111	43	155	178	47	213	194	48	227	194	41	226	186	49	234	17	6	15
4.5	77	38	99	92	43	127	141	31	178	207	42	262	240	41	251	228	46	258	214	49	261	11	22	19
5	80	34	112	90	44	140	146	41	205	247	51	292	261	48	298	265	54	312	276	39	304	18	14	7
5.5	79	50	125	104	47	163	181	48	239	276	59	341	315	59	359	303	60	370	308	52	364	23	6	14
6	85	49	138	100	46	166	203	45	279	320	63	398	374	62	414	360	64	421	354	66	415	28	9	19
6.5	99	38	156	103	32	180	218	44	325	375	63	475	448	66	487	431	59	502	444	65	504	8	13	19
7	103	46	149	113	55	220	236	53	372	436	58	547	507	64	564	491	73	585	501	70	575	11	0	19
7.5	114	55	188	126	52	228	288	47	442	497	59	606	600	59	642	577	73	644	591	74	648	20	15	11
8	110	54	185	136	51	255	345	58	498	610	72	685	719	77	703	700	83	712	701	75	705	17	9	6
8.5	129	52	192	153	44	272	419	57	520	743	74	723	870	84	751	838	72	768	857	83	775	15	20	19
9	138	53	207	176	48	302	482	54	539	848	75	787	1004	80	804	965	85	822	980	81	805	31	10	21
9.5	147	51	210	204	58	308	537	47	606	995	89	835	1191	79	873	1136	87	867	1155	89	877	17	9	15
10	160	51	230	212	56	344	639	59	661	1164	79	903	1364	90	938	1317	105	942	1352	98	927	23	8	16
10.5	178	50	243	250	57	356	746	55	714	1329	108	979	1595	107	1001	1517	105	1000	1556	117	993	23	12	26
11	187	61	257	293	58	389	869	81	788	1528	111	1003	1801	108	1046	1740	123	1063	1745	121	1017	12	20	12
11.5	210	67	267	314	71	435	967	66	862	1684	122	1092	1924	126	1107	1893	110	1081	1908	135	1057	12	12	9
12	223	60	287	318	67	464	1008	83	934	1774	143	1192	2028	133	1188	2012	147	1156	2022	146	1103	14	19	26
12.5	226	64	309	323	62	491	1044	91	1025	1840	140	1271	2135	154	1283	2082	162	1221	2091	164	1164	13	5	1
13	241	74	329	349	74	532	1079	94	1105	1924	159	1333	2242	165	1366	2164	184	1282	2190	180	1233	12	6	16
13.5	263	74	341	359	79	566	1106	121	1213	1974	191	1399	2323	208	1430	2246	211	1338	2260	207	1287	25	1	13
14	262	85	362	375	90	592	1151	131	1320	2015	218	1466	2371	243	1509	2295	251	1401	2312	250	1362	14	16	18
14.5	276	77	381	387	89	629	1173	128	1399	2032	254	1548	2412	271	1572	2334	281	1475	2339	291	1423	24	17	5
15	292	88	398	399	97	667	1199	156	1500	2117	294	1611	2485	305	1644	2393	332	1577	2404	343	1518	10	12	18
15.5	300	95	397	413	115	709	1239	193	1556	2137	354	1703	2577	377	1724	2387	385	1649	2417	421	1605	16	13	9
16	323	102	433	444	129	749	1314	217	1594	2232	425	1791	2695	438	1811	2460	471	1742	2466	486	1701	16	9	13
16.5	331	118	457	479	138	810	1381	265	1640	2319	495	1902	2787	521	1927	2561	549	1830	2591	554	1787	22	16	15
17	340	116	471	505	173	854	1476	297	1711	2415	564	1978	2907	619	2033	2666	622	1923	2659	641	1877	19	25	25
17.5	361	128	478	535	185	915	1576	342	1775	2491	653	2074	3041	683	2111	2767	711	2028	2787	738	1967	15	22	14
18	380	134	496	561	196	949	1637	368	1811	2573	708	2172	3165	764	2167	2840	803	2105	2843	807	2014	21	20	16
18.5	389	160	514	585	202	989	1733	404	1874	2663	769	2245	3295	838	2234	2935	864	2194	2940	882	2125	10	8	16
19	408	163	521	631	224	1020	1819	424	1922	2733	828	2302	3425	881	2298	3036	899	2244	3026	932	2162	15	11	4
19.5	436	165	542	660	233	1061	1900	446	1985	2851	857	2371	3515	920	2391	3128	950	2305	3105	998	2235	19	17	12
20	437	173	535	675	232	1092	1972	470	2016	2908	900	2425	3679	978	2454	3197	991	2391	3199	1022	2293	19	9	21
20.5	436	183	542	719	247	1122	2046	498	2067	2973	940	2501	3807	994	2496	3270	1037	2443	3238	1068	2332	18	16	22
21	469	192	562	752	260	1163	2133	511	2119	3059	957	2541	3929	1053	2562	3340	1065	2504	3351	1078	2380	14	12	22
21.5	479	192	562	785	269	1190	2198	526	2143	3139	988	2590	4042	1060	2612	3438	1085	2555	3436	1127	2442	20	20	17
22	480	186	578	826	274	1222	2276	553	2170	3217	1025	2624	4180	1088	2617	3527	1114	2608	3428	1146	2478	16	11	10
22.5	484	199	593	862	282	1241	2321	560	2199	3299	1045	2636	4331	1141	2665	3529	1140	2648	3499	1175	2501	14	16	15
23	507	199	600	897	292	1265	2405	582	2247	3397	1068	2698	4470	1144	2708	3600	1161	2671	3571	1203	2545	13	23	14
23.5	525	207	602	924	294	1308	2499	598	2283	3459	1093	2719	4590	1157	2722	3697	1190	2694	3624	1220	2570	17	12	29
24	538	216	626	966	316	1329	2644	615	2292	3539	1113	2763	4754	1187	2731	3761	1226	2746	3709	1261	2627	20	11	16
24.5	551	212	615	1029	326	1359	2705	628	2350	3611	1141	2793	4878	1235	2838	3835	1233	2852	3798	1275	2754	21	14	6
25	566	232	632	1048	331	1368	2787	653	2374	3690	1174	2907	5023	1241	2880	3930	1262	2905	3873	1306	2817	13	18	23
25.5	572	230	639	1078	333	1438	2791	666	2410	3784	1182	2951	5117	1254	2933	3953	1285	2944	3921	1309	2836	13	26	25
26	583	228	645	1104	334	1474	2891	690	2544	3826	1219	2961	5215	1280	2931	4053	1314	2921	3990	1342	2837	13	19	21
26.5	606	248	670	1134	354	1499	2935	725	2587	3907	1246	2982	5283	1298	2950	4122	1340	2946	4059	1339	2836	8	14	16
27	613	244	702	1183	361	1494	2974	729	2576	3989	1273	2998	5446	1324	2956	4208	1360	2970	4116	1389	2848	14	11	22
27.5	622	240	690	1223	379	1501	3060	739	2590	4045	1276	2983	5556	1356	2956	4241	1379	2996	4196	1407	2860	24	20	17
28	626	256	694	1256	380	1515	3139	753	2591	4073	1314	2995	5709	1367	2963	4313	1398	2975	4250	1430	2865	15	6	12
28.5	636	263	706	1285	396	1511	3204	774	2628	4145	1303	2985	5806	1403	2990	4383	1418	2996	4351	1462	2891	9	12	15
29	634	269	718	1327	392	1535	3248	807	2629	4236	1349	3012	5895	1401	2989	4457	1443	2995	4382	1472	2901	18	18	20
29.5	662	271	712	1345	397	1542	3297	809	2658	4313	1349	3040	5985	1447	3013	4528	1456	3008	4460	1512	2900	7	8	16
30	654	276	699	1357	409	1535	3367	821	2658	4382	1380	3043	6119	1448	3010	4560	1462	3023	4518	1508	2916	13	9	16
30.5	676	281	708	1384	430	1537	3449	833	2670	4452	1367	3053	6186	1477	3035	4601	1492	3036	4603	1528	2922	18	19	12
31	689	283	722	1419	438	1578	3508	863	2692	4510	1415	3062	6297	1494	3019	4686	1505	3035	4628	1550	2943	14	12	20
31.5	695	283	726	1473	443	1575	3577	864	2716	4638	1431	3089	6371	1516	3048	4842	1526	3035	4709	1539	2946	10	16	18
32	703	281	733	1495	438	1582	3690	879	2701	4712	1443	3074	6460	1499	3047	4887	1539	3051	4856	1569	2981	4	14	17
32.5	716	291	735	1524	458	1581	3750	899	2710	4768	1447	3105	6537	1517	3059	4930	1538	3073	4891	1581	2972	17	22	20
33	712	294	733	1546	464	1603	3776	941	2698	4806	1452	3082	6638	1543	3085	4971	1579	3069	4945	1590	2976	14	12	17
33.5	729	306	750	1591	464	1590	3811	940	2718	4870	1489	3092	6703	1553	3088	5043	1577	3062	5015	1597	2965	20	1	23
34	736	308	743	1604	481	1600	3877	944	2715	4928	1509	3121	6790	1571	3061	5079	1590	3064	5057	1621	2964	20	13	23
34.5	726	315	746	1622	480	1607	3928	966	2721	4994	1507	3102	6848	1578	3072	5151	1597	3037	5100	1618	2959	22	18	12
35	741	314	739	1643	488	1619	3939	970	2690	5072	1526	3084	6913	1578	3049	5194	1619	3046	5121	1657	2983	11	13	23
35.5	749	318	748	1677	502	1624	4005	991	2691	5130	1533	3105	7005	1598	3037	5242	1640	3051	5178	1667	2976	16	20	4
36	758	319	756	1681	507	1620	4043	987	2684	5190	1562	3112	7042	1611	3023	5271	1642	3046	5212	1676	2986	16	14	13
36.5	755	323	752	1706	517	1623	4087	1022	2663	5235	1559	3079	7097	1625	3022	5307	1657	3047	5249	1672	2957	19	19	18
37	759	324	749	1751	519	1593	4151	1017	2622	5260	1566	3075	7145	1636	2994	5371	1660	3052	5337	1684	2948	18	19	11
37.5	758	328	750	1768	533	1585	4198	1038	2590	5336	1579	3059	7234	1649	2979	5412	1648	3025	5356	1700	2938	9	24	17
38	769	323	745	1775	537	1602	4210	1043	2583	5385	1589	3028	7285	1655	2969	5451	1648	3007	5371	1690	2919	14	16	13
38.5	772	338	747	1812	546	1593	4270	1041	2589	5453	1608	2998	7322	1659	2938	5485	1688	2980	5365	1723	2920	12	19	28
39	766	341	742	1839	551	1553	4306	1080	2567	5514	1614	2985	7354	1685	2924	5526	1706	2954	5379	1761	2880	26	11	19
39.5	786	343	730	1860	564	1565	4304	1073	2556	5525	1622	2967	7412	1699	2919	5567	1751	2963	5429	1788	2844	28	0	19
40	782	357	724	1880	564	1556	4380	1094	2552	5567	1634	2944	7427	1715	2881	5629	1765	2920	5402	1780	2827	9	26	10
40.5	788	349	718	1887	574	1541	4424	1095	2535	5565	1669	2915	7454	1719	2869	5611	1775	2927	5439	1812	2833	15	15	8
41	792	352	722	1914	600	1553	4472	1101	2541	5569	1678	2916	7447	1753	2863	5610	1805	2897	5395	1827	2819	11	23	12
41.5	798	351	715	1931	589	1528	4531	1131	2514	5578	1700	2904	7499	1793	2873	5657	1826	2895	5432	1846	2797	18	26	21
42	792	365	739	1930	603	1559	4557	1106	2534	5564	1715	2922	7518	1797	2865	5705	1854	2886	5441	1855	2799	11	10	14